54 0 0.005
62 0.005 0.005
69 0.01 0.005
77 0.015 0.005
77 0.02 0.005
69 0.025 0.268
84 0.293 0.268
84 0.561 0.268
62 0.829 0.283
67 1.112 0.293
48 1.405 0.899
48 2.304 0.293
55 2.597 0.611
64 3.208 0.005
60 3.213 0.157
55 3.37 0.621
62 3.991 0.283
74 4.274 0.283
55 4.557 0.005
71 4.562 0.005
59 4.567 0.117
52 4.684 0.005
64 4.689 0.625
67 5.314 0.117
71 5.431 0.636
79 6.067 1.144
71 7.211 0.005
79 7.216 0.005
71 7.221 0.005
71 7.226 0.005
67 7.231 0.005
48 7.236 0.117
79 7.353 0.005
67 7.358 0.005
79 7.363 0.005
67 7.368 0.117
67 7.485 0.699
75 8.184 0.72
75 8.904 0.005
67 8.909 0.005
67 8.914 0.005
48 8.919 0.005
48 8.924 0.996
57 9.92 0.005
67 9.925 0.005
82 9.93 2.097
67 12.027 0.085
51 12.112 0.085
48 12.197 1.102
48 13.299 0.117
50 13.416 0.117
48 13.533 0.075
48 13.608 0.6
81 14.208 0.15
71 14.358 0.075
79 14.433 0.075
48 14.508 0.075
70 14.583 0.075
74 14.658 0.116
74 14.774 0.116
70 14.89 0.075
65 14.965 1.2
70 16.165 0.075
65 16.24 1.2
70 17.44 0.075
74 17.515 0.075
70 17.59 0.075
70 17.665 0.11
67 17.775 0.135
82 17.91 0.135
67 18.045 0.3
65 18.345 0.15
71 18.495 0.15
71 18.645 0.148
83 18.793 0.15
48 18.943 0.15
48 19.093 0.255
52 19.348 0.255
55 19.603 0.255
59 19.858 0.072
62 19.93 0.072
71 20.002 0.072
71 20.074 0.072
48 20.146 0.15
48 20.296 0.15
60 20.446 0.3
48 20.746 0.15
48 20.896 0.075
69 20.971 0.15
64 21.121 0.075
76 21.196 0.075
57 21.271 0.075
72 21.346 0.075
76 21.421 0.3
76 21.721 0.3
48 22.021 0.075
48 22.096 0.075
48 22.171 0.135
55 22.306 0.135
60 22.441 0.26
84 22.701 0.135
72 22.836 0.175
48 23.011 0.3
67 23.311 0.3
72 23.611 0.3
76 23.911 2.449
84 26.36 2.449
48 28.809 1.837
76 30.646 2.449
48 33.095 0.612
48 33.707 0.612
67 34.319 0.612
62 34.931 0.612
66 35.543 0.612
62 36.155 0.3
50 36.455 2.162
48 38.617 0.3
48 38.917 0.51
67 39.427 0.51
48 39.937 0.271
48 40.208 0.048
55 40.256 0.357
60 40.613 0.976
48 41.589 0.248
48 41.837 0.048
60 41.885 0.071
65 41.956 0.976
65 42.932 0.976
